[-3 -3 -3 -3 -3 -1 2]
 [-3 -3 -3 -3 -3 1 2]
[-3 -3 -3 -3 -2 1 2]
[-3 -3 -3 -3 0 1 2]
[-3 -3 -3 -2 -2 1 2]
[-3 -3 -3 -2 -1 1 3]
[-3 -3 -2 -2 0 2 2]




layered MS does not correct TS in positions:

Columns 1 through 24

     7    13    19    22    25    35    45    47    63    66    71    72    90    94   101   102   103   106   109   111   113   114   115   118

  Columns 25 through 48

   129   130   131   134   135   138   148   151   152   153   154   155   156   162   163   166   168   170   171   173   174   176   177   178

  Columns 49 through 72

   180   181   184   185   186   187   189   191   192   193   194   196   198   201   203   208   209   212   213   220   222   223   227   228

  Columns 73 through 96

   230   232   233   234   235   236   237   238   240   242   246   247   248   250   251   252   253   255   256   258   260   261   262   265

  Columns 97 through 120

   267   268   271   272   273   274   276   277   278   280   281   284   286   287   289   291   292   294   295   297   298   300   301   302

  Columns 121 through 144

   310   312   314   315   316   317   318   319   320   323   324   326   327   330   331   332   333   334   335   336   337   340   341   342

  Columns 145 through 168

   343   344   345   347   348   350   351   352   354   356   357   358   359   360   361   363   365   367   368   370   372   373   375   377

  Columns 169 through 192

   378   381   383   385   387   388   389   392   394   395   397   399   400   401   402   403   404   406   407   409   410   411   412   414